((("latexmk" .
   [1 0 0 0 0 0 0])
  ("thesis.tex" .
   [1 0 0 0 0 0 0 0 0 0])
  ("thesis.md" .
   [1 0 0 0 0 0 0 0 0])
  ("thanks.md" .
   [0 0 0 0 1 0 0 0 0])
  ("uilpkh" .
   [0 0 1 0 0 0])
  ("dvpe" .
   [1 0 0 0])
  ("infile" .
   [3 0 0 0 0 0])
  ("vals" .
   [5 0 0 0])
  ("value" .
   [3 0 0 0 0])
  ("dict" .
   [1 0 0 0])
  ("set-face-attribute" .
   [1 0 0 0 0 0 0 0 0 0 0 0 0 0 0 0 0 0])
  ("gat-eim" .
   [0 0 0 1 0 0 0])
  ("provide" .
   [1 0 0 0 0 0 0])
  ("T-E-r-l-r" .
   [1 0 0 0 0 0 0 0 0])
  ("g5" .
   [1 0])
  ("E-T-" .
   [2 0 0 0])
  ("grade3" .
   [4 0 0 0 0 0])
  ("grade2" .
   [6 0 0 0 0 0])
  ("grade1" .
   [8 0 0 0 0 2])
  ("g4" .
   [3 0])
  ("T-r" .
   [1 0 0])
  ("a,b" .
   [5 0 0])
  ("T-l" .
   [1 0 0])
  ("g2" .
   [1 0])
  ("g3" .
   [2 0])
  ("E-" .
   [5 0])
  ("T-" .
   [2 0])
  ("a,b,c" .
   [9 0 0 0 0])
  ("current" .
   [1 0 0 0 0 0 0])
  ("to" .
   [5 0])
  ("g1" .
   [1 0])
  (".txt" .
   [2 0 0 0])
  ("counter5" .
   [1 0 0 0 0 0 0 0])
  ("counter4" .
   [1 0 0 0 0 0 0 0])
  ("counter3" .
   [1 0 0 0 0 0 0 0])
  ("counter2" .
   [1 0 0 0 0 0 0 0])
  ("counter1" .
   [1 0 0 0 0 0 0 0])
  ("+%s" .
   [4 0 0])
  ("date" .
   [2 0 0 0])
  ("tput" .
   [4 0 0 0])
  ("counter-" .
   [5 0 0 0 0 0 0 0])
  ("Generating" .
   [1 0 0 0 0 0 0 0 0 0])
  ("a,b,c,d" .
   [2 0 0 0 0 0 0])
  ("A,b,c,d" .
   [4 0 0 0 0 0 0])
  ("done" .
   [5 0 1 0])
  ("l,r" .
   [2 0 0])
  ("outdir" .
   [3 0 0 0 0 0])
  ("gram" .
   [12 0 0 0])
  ("cwd" .
   [2 0 0])
  ("bin" .
   [1 0 0])
  ("gat-table" .
   [0 0 0 1 0 0 0 0 0])
  ("or" .
   [1 0])
  ("file-name-directory" .
   [0 0 0 0 0 0 0 0 0 0 0 0 0 1 0 0 0 0 0])
  ("buffer-file-name" .
   [1 0 0 0 0 0 0 0 0 0 0 0 0 0 0 0])
  ("switch-window" .
   [0 0 0 0 1 0 0 0 0 0 0 0 0])
  ("undo-tree" .
   [0 0 0 0 1 0 0 0 0])
  ("typopunct" .
   [0 0 0 0 1 0 0 0 0])
  ("edit-server-start" .
   [1 0 0 0 0 0 0 0 0 0 0 0 0 0 0 0 0])
  ("capitalize-region" .
   [0 0 0 1 0 0 0 0 0 0 0 0 0 0 0 0 0])
  ("downcase-region" .
   [0 0 0 1 0 0 0 0 0 0 0 0 0 0 0])
  ("lower-frame" .
   [0 0 0 0 0 1 0 0 0 0 0])
  ("global-unset-key" .
   [0 0 0 0 0 0 0 0 0 1 0 0 1 0 0 0])
  (".html" .
   [1 0 0 0 0])
  ("output_" .
   [1 0 0 0 0 0 0])
  ("gene" .
   [1 0 0 0])
  ("revealjs" .
   [0 0 0 0 0 0 0 1])
  ("outformat" .
   [3 0 0 0 0 0 1 0 0])
  ("counter" .
   [10 0 0 0 0 0 0])
  ("after" .
   [2 0 0 0 0])
  ("latex.tex" .
   [1 0 0 0 0 0 0 0 0])
  ("latex.txt" .
   [0 0 0 0 0 1 0 0 0])
  ("echo" .
   [25 0 0 0])
  ("enum" .
   [1 0 0 0])
  ("size_t" .
   [1 0 0 0 0 0])
  ("false" .
   [1 0 0 0 0])
  ("markdown-mode" .
   [0 0 0 0 0 0 0 0 0 0 0 0 1])
  ("add-hook" .
   [1 0 0 0 0 0 0 0])
  ("~/.emacs.d/plugins/yasnippet" .
   [0 0 0 0 0 0 0 0 0 0 0 0 0 1 0 0 0 0 0 0 0 0 0 0 0 0 0 0])
  ("~/.emacs.d/" .
   [0 0 0 1 0 0 0 0 0 0 0])
  ("pua" .
   [4 0 0])
  ("language-change" .
   [0 0 0 0 0 0 0 0 1 0 0 0 0 0 0])
  ("query" .
   [3 0 0 0 0])
  ("ergo" .
   [3 0 0 0])
  ("nly" .
   [8 0 0])
  ("bly" .
   [1 0 0])
  ("ido" .
   [0 0 1])
  ("easy" .
   [5 0 0 0])
  ("eas" .
   [2 0 0])
  ("ideas" .
   [10 0 0 0 0])
  ("ideals" .
   [8 0 0 0 0 0])
  ("tags-completion-at-point-function" .
   [0 0 1 0 0 0 0 0 0 0 0 0 0 0 0 0 0 0 0 0 0 0 0 0 0 0 0 0 0 0 0 0 0])
  ("dadada" .
   [0 0 0 1 0 0])
  ("bridge" .
   [2 0 0 0 0 0])
  ("scer" .
   [3 0 0 0])
  ("screen-width" .
   [0 0 0 0 1 0 0 0 0 0 0 0])
  ("struct" .
   [1 0 0 0 0 0])
  ("typedef" .
   [5 0 0 0 0 0 0])
  ("help" .
   [1 0 0 0])
  ("output_01_mask" .
   [0 0 0 0 0 0 1 0 0 0 0 0 0 1])
  ("output_sqsum_min" .
   [0 0 1 1 0 0 0 0 0 0 0 0 0 0 0 0])
  ("raw_sqsum_tr_bl" .
   [0 0 0 0 0 0 0 0 0 1 0 0 0 0 0])
  ("raw_sqsum_tl_br" .
   [0 0 0 0 0 0 1 0 0 0 0 0 0 0 0])
  ("raw_sqsum_t_b" .
   [0 0 0 1 0 0 0 0 0 0 0 0 0])
  ("raw_sqsum_l_r" .
   [0 0 0 0 0 0 1 0 0 0 0 0 0])
  ("four2one" .
   [0 0 0 0 1 0 0 0])
  ("output" .
   [8 0 0 1 0 0])
  ("add" .
   [9 0 0])
  ("out" .
   [37 0 0])
  ("kernel_size" .
   [0 0 0 1 0 0 2 0 0 0 2])
  ("atoi" .
   [13 0 1 0])
  ("src" .
   [15 0 0])
  ("exit" .
   [3 0 0 0])
  ("img_t" .
   [1 0 1 6 1])
  ("raw_diff_tr_bl" .
   [1 0 0 0 0 0 0 0 0 0 1 0 0 0])
  ("raw_diff_tl_br" .
   [1 0 0 0 0 0 0 0 0 0 1 0 0 0])
  ("raw_diff_t_b" .
   [0 0 0 0 0 0 0 0 0 1 0 1])
  ("raw_diff_l_r" .
   [0 0 0 0 1 0 0 0 0 0 0 0])
  ("argc" .
   [9 0 0 0])
  ("moravec_threshold" .
   [0 0 4 1 0 0 0 0 1 0 0 1 0 0 0 0 0])
  ("set_moravec_threshold" .
   [0 0 0 2 0 0 0 0 0 0 0 0 0 0 0 0 0 0 0 0 0])
  ("bool" .
   [7 0 0 0])
  ("threshold" .
   [0 0 1 0 3 0 0 0 1])
  ("void" .
   [10 0 0 0])
  ("thrshld" .
   [1 0 0 2 0 0 0])
  ("defvar" .
   [1 0 0 0 0 0])
  ("setq" .
   [1 0 0 0])
  ("defun" .
   [3 0 0 0 0])
  ("message" .
   [5 0 0 0 0 0 0])
  ("the" .
   [12 0 0])
  ("first" .
   [1 0 0 0 0])
  ("second" .
   [1 0 0 0 0 0])
  ("third" .
   [3 0 0 0 0])
  ("in" .
   [2 0])
  ("breath" .
   [1 0 0 0 0 0])
  ("del" .
   [1 0 0])
  ("you" .
   [38 0 0])
  ("what" .
   [15 0 0 0])
  ("see" .
   [5 0 0])
  ("car" .
   [1 0 0])
  ("your" .
   [2 0 0 0])
  ("aref" .
   [0 0 0 1])
  ("up" .
   [2 0])
  ("did" .
   [1 0 0])
  ("ttany" .
   [0 0 2 0 0])
  ("happend" .
   [1 0 0 0 0 0 0])
  ("tools" .
   [0 0 2 0 0])
  ("warn" .
   [1 0 0 0])
  ("find" .
   [1 0 0 0])
  ("sorry" .
   [1 0 0 0 0])
  ("about" .
   [2 0 0 0 0])
  ("plusp" .
   [0 0 1 0 0])
  ("good" .
   [3 0 0 0])
  ("night" .
   [1 0 0 0 0])
  ("are" .
   [8 0 0])
  ("moving" .
   [2 0 0 0 0 0])
  ("do" .
   [13 0])
  ("that" .
   [13 0 0 0])
  ("she" .
   [1 0 0])
  ("make" .
   [3 0 0 0])
  ("how" .
   [4 0 0])
  ("is" .
   [1 0])
  ("with" .
   [2 0 0 0])
  ("clean" .
   [1 0 0 0 0])
  ("want" .
   [2 0 0 0])
  ("can" .
   [7 0 0])
  ("fucking" .
   [2 0 0 0 0 0 0])
  ("kiss" .
   [1 0 0 0])
  ("wrong" .
   [2 0 0 0 0])
  ("absolutely" .
   [2 0 0 0 0 0 0 0 0 0])
  ("for" .
   [18 0 0])
  ("fine" .
   [2 0 0 0])
  ("notes" .
   [1 0 0 0 0])
  ("dick" .
   [1 0 0 0])
  ("get" .
   [5 0 1])
  ("dressed" .
   [1 0 0 0 0 0 0])
  ("better" .
   [1 0 0 0 0 0])
  ("than" .
   [2 0 0 0])
  ("fuck" .
   [2 0 0 0])
  ("talk" .
   [1 0 0 0])
  ("him" .
   [1 0 0])
  ("loss" .
   [1 0 0 0])
  ("memory" .
   [1 0 0 0 0 0])
  ("again" .
   [1 0 0 0 0])
  ("let" .
   [2 0 0])
  ("not" .
   [1 0 0])
  ("gut" .
   [2 0 0])
  ("drop" .
   [3 0 0 0])
  ("menu-bar-make-toggle" .
   [0 0 0 1 0 0 0 0 0 0 0 0 0 0 0 0 0 0 0 0])
  ("anything" .
   [3 0 0 0 0 0 0 0])
  ("else" .
   [17 0 0 0])
  ("pretending" .
   [1 0 0 0 0 0 0 0 0 0])
  ("and" .
   [2 0 0])
  ("her" .
   [1 0 0])
  ("hands" .
   [2 0 1 0 0])
  ("don" .
   [2 0 0])
  ("really" .
   [1 0 0 0 0 0])
  ("then" .
   [6 0 0 0])
  ("could" .
   [1 0 0 0 0])
  ("have" .
   [2 0 0 0])
  ("life" .
   [1 0 0 0])
  ("line" .
   [1 0 0 0])
  ("stop" .
   [0 0 1 0])
  ("test" .
   [5 0 0 0])
  ("require" .
   [20 0 0 0 0 0 0])
  ("add-to-list" .
   [0 0 0 2 0 0 0 0 0 0 1])
  ("load-path" .
   [1 0 0 0 1 0 0 0 0])
  ("~/.emacs.d/themes/solarized/" .
   [0 0 0 0 0 0 0 0 0 0 0 0 0 0 0 0 1 0 1 0 0 0 0 0 0 0 0 0])
  ("load" .
   [5 0 0 0])
  ("load-theme" .
   [2 0 0 0 0 0 0 0 0 0])
  ("color-theme-solarized" .
   [0 0 0 0 0 1 0 0 0 0 0 0 0 0 0 0 0 0 0 0 0])
  ("solitaire" .
   [0 0 0 1 0 1 0 0 0])
  ("solarized" .
   [0 0 0 0 1 0 0 0 0])
  ("img" .
   [16 0 0])
  ("raw_src" .
   [1 0 0 5 0 0 0])
  ("argv" .
   [25 0 1 0])
  ("stringstream" .
   [0 0 0 0 0 0 1 0 0 0 0 0])
  ("int" .
   [78 0 0])
  ("row" .
   [58 0 0])
  ("col" .
   [42 0 1])
  ("unsigned" .
   [10 0 0 1 0 0 0 0])
  ("char" .
   [27 0 0 0])
  ("img_src" .
   [1 0 0 0 0 0 0])
  ("include" .
   [9 0 0 0 0 0 0])
  ("file" .
   [2 0 0 0])
  ("img_path" .
   [1 0 0 0 0 0 0 0])
  ("kernel" .
   [3 0 0 0 0 0])
  ("k_size" .
   [6 0 1 0 1 0])
  ("moravec_kernel_size" .
   [0 0 2 3 1 0 0 0 0 0 0 0 0 0 0 0 0 0 4])
  ("return" .
   [18 0 0 0 0 0])
  ("true" .
   [4 0 0 0])
  ("if" .
   [11 0])
  ("size" .
   [5 0 0 0])
  ("img_from" .
   [0 0 0 3 0 0 0 0])
  ("img_to" .
   [0 0 0 4 0 0])
  ("static" .
   [4 0 0 0 0 0])
  ("tmp" .
   [3 0 0])
  ("300" .
   [1 0 0])
  ("r_offset" .
   [0 0 0 0 0 1 0 0])
  ("tmp_sqsum" .
   [0 0 0 1 0 0 0 0 7])
  ("255" .
   [1 0 0])
  ("max_offset" .
   [2 0 0 14 0 0 0 0 0 3])
  ("assert" .
   [1 0 0 0 0 0])
  ("l_r" .
   [4 0 1])
  ("t_b" .
   [5 0 0])
  ("lt_br" .
   [0 0 4 0 0])
  ("lr_bl" .
   [0 0 3 0 0])
  ("img_" .
   [0 0 0 1])
  ("tmp1" .
   [3 0 0 0])
  ("tmp2" .
   [2 0 0 1])
  ("tmp3" .
   [2 0 0 0])
  ("FILE" .
   [0 0 1 0])
  ("save_img" .
   [0 0 0 0 1 0 0 0])
  ("outpath" .
   [0 0 0 2 0 1 0])
  ("sub" .
   [5 0 0])
  ("printf" .
   [7 0 0 0 0 0])
  ("path" .
   [14 0 1 0])
  ("thresh" .
   [6 0 3 0 1 1])
  ("puts" .
   [11 0 0 0])
  ("ker_size" .
   [0 0 0 2 1 0 0 5])
  ("parse_params_load_image_set_ksize_thresh" .
   [0 0 0 1 0 0 0 0 0 0 0 0 0 0 0 0 0 0 0 0 0 0 0 0 0 0 0 0 0 0 0 0 0 0 0 0 0 0 0 0])
  ("raw_s" .
   [0 0 0 1 0])
  ("app" .
   [1 0 0])
  ("printout_params" .
   [0 0 0 0 0 1 0 0 1 0 0 0 0 0 1])
  ("output_path" .
   [0 0 0 1 0 0 0 0 0 0 0])
  ("fputs" .
   [1 0 0 0 0])
  ("../latex.tex" .
   [0 0 0 0 0 1 0 0 0 0 0 0])
  ("pandoc" .
   [2 0 0 0 0 0])
  ("format" .
   [4 0 0 0 0 0])
  ("global-set-key" .
   [0 0 0 0 0 0 1 1 0 0 1 0 0 0])
  ("kbd" .
   [3 0 0])
  ("crosshairs" .
   [1 0 0 0 0 0 0 0 0 0])
  ("hl-spotlight" .
   [0 0 1 0 0 0 0 0 0 0 0 0])
  ("auto-mark" .
   [0 0 0 0 1 0 0 0 0])
  ("visible-mark" .
   [1 0 0 0 0 0 0 0 0 0 0 0])
  ("defun*" .
   [0 0 0 2 0 0])
  ("folding" .
   [1 0 0 1 0 0 0])
  ("upcase" .
   [3 0 0 0 0 0])
  ("upcase-region" .
   [0 0 0 0 1 0 1 0 0 0 0 0 0])
  ("insert-random-number" .
   [1 0 0 0 0 0 0 0 0 0 0 0 0 0 0 0 0 0 0 0])
  ("edit-server" .
   [0 0 0 0 0 0 0 0 1 0 0])
  ("mkdir" .
   [7 0 0 0 0])
  ("./gen-gen-gat.bin" .
   [0 0 1 0 0 0 0 0 0 0 0 0 0 0 0 0 0])
  ("./g1-la.sh" .
   [0 0 0 0 0 0 0 1 0 0])
  ("bash" .
   [1 0 0 0])
  ("gat" .
   [0 0 1])
  ("Then" .
   [1 0 0 0])
  ("gat-tables/g1/" .
   [0 0 0 0 0 0 0 0 0 0 0 1 0 0])
  ("table_dir" .
   [0 0 0 0 0 1 0 0 0])
  ("la.txt" .
   [2 0 0 0 0 0])
  ("gat-tables/" .
   [0 0 0 1 0 0 0 0 0 0 0])
  ("g1/l" .
   [0 0 1 0])
  ("target" .
   [0 0 0 1 0 0])
  ("cat" .
   [8 0 0])
  ("out_dir" .
   [6 0 0 0 0 0 0])
  ("flush_grade1" .
   [1 0 0 0 0 1 0 1 0 1 0 0])
  ("/grade1/" .
   [1 0 0 0 0 0 0 0])
  ("flush_grade3" .
   [1 0 0 0 0 0 0 0 0 0 0 0])
  ("flush_grade2" .
   [1 0 0 0 0 0 0 0 0 0 0 0])
  ("zh_chars/zh_chars_6000.dat" .
   [0 0 0 0 0 0 0 0 0 1 0 0 0 0 0 0 0 0 0 0 0 0 0 0 0 0])
  ("gat-tables/output/" .
   [0 0 0 0 0 0 0 0 0 0 0 1 0 0 0 0 0 0])
  ("gat-tables/output/gat-char-keys.txt" .
   [0 0 0 0 0 0 0 0 0 0 0 0 0 0 0 0 0 0 1 0 0 0 0 0 0 0 0 0 0 0 0 0 0 0 0])
  ("gat-tables/output/gat-char-keys-6000.txt" .
   [0 0 0 0 0 0 0 0 0 0 0 0 0 0 0 0 0 0 1 0 0 0 0 0 0 0 0 0 0 0 0 0 0 0 0 0 0 0 0 0])
  ("keys" .
   [10 0 0 0])
  ("table" .
   [1 0 0 0 0])
  ("-n1" .
   [1 0 0])
  ("./gat-search.sh" .
   [0 0 1 0 0 0 0 0 0 0 0 0 0 0 0])
  ("values" .
   [1 0 0 0 0 0])
  ("cut" .
   [1 0 0])
  ("key" .
   [10 0 0])
  ("code" .
   [1 0 0 0])
  ("val" .
   [7 0 0])
  ("key_val" .
   [4 0 0 0 0 0 0])
  ("qwerty" .
   [2 0 0 0 0 0])
  ("dvp" .
   [2 0 0])
  ("outfile" .
   [3 0 0 2 0 0 0])
  ("tmpA" .
   [2 0 0 1])
  ("tmpB" .
   [1 0 1 1])
  ("alias" .
   [2 0 0 0 0])
  ("calendar+" .
   [0 0 0 0 0 1 0 0 0])))
